[gd_scene load_steps=5 format=3 uid="uid://c2mrpqixbsfml"]

[ext_resource type="Script" path="res://World.gd" id="1_6vyjw"]
[ext_resource type="PackedScene" uid="uid://dvtujcx83mhwd" path="res://scences/dron/dron.tscn" id="2_mswk8"]

[sub_resource type="BoxMesh" id="BoxMesh_xh2ix"]
size = Vector3(20, 1, 20)

[sub_resource type="BoxShape3D" id="BoxShape3D_wpcpj"]
size = Vector3(20, 1, 20)

[node name="World" type="Node3D"]
script = ExtResource("1_6vyjw")

[node name="Ground" type="StaticBody3D" parent="."]
metadata/_edit_group_ = true

[node name="MeshInstance3D" type="MeshInstance3D" parent="Ground"]
mesh = SubResource("BoxMesh_xh2ix")

[node name="CollisionShape3D" type="CollisionShape3D" parent="Ground"]
shape = SubResource("BoxShape3D_wpcpj")

[node name="Camera3D" type="Camera3D" parent="."]
transform = Transform3D(0.150812, 0, -0.988562, 0, 1, 0, 0.988562, 0, 0.150812, -5.18022, 1.20718, 1.38774)
fov = 67.5

[node name="DirectionalLight3D" type="DirectionalLight3D" parent="."]
transform = Transform3D(1, 0, 0, 0, -0.15095, 0.988541, 0, -0.988541, -0.15095, 0, 8.69227, 0)

[node name="dron" parent="." instance=ExtResource("2_mswk8")]
transform = Transform3D(0.997213, 0.0746132, 0, -0.0746132, 0.997213, 0, 0, 0, 1, 0, 3.52232, 0)
